202789
202789
202789
202789
33007
33007
33007
33007
33007
33007
33007
33007
33007
1376
1376
1376
1376
1376
1376
1376
1376
1376
54007
82135
82135
82135
82135
82135
1685
1685
1685
1685
1685
1685
1685
1685
1685
1685
1689
1689
1689
1689
1689
1689
1689
1689
1689
1689
43765
43765
43765
43765
43765
43765
43765
43765
43765
43765
169292
169292
169292
169292
169292
169292
169292
169292
169292
53374
53374
53374
53374
156978
156978
2804918
2804918
1747
1747
1747
1747
1747
1747
1747
1747
1747
36740
36740
36740
36740
36740
36740
36740
36740
36740
36740
309120
309120
309120
309120
309120
309120
309120
309120
309120
309120
1351
1351
1351
1351
1351
1351
562
562
562
562
562
562
562
562
562
562
1260
1260
1260
1260
1260
1260
1260
1260
1260
2702
2702
2702
2702
2702
2702
2702
2702
29419
29419
29419
29419
29419
29419
29419
29419
29419
72000
72000
72000
72000
72000
72000
72000
72000
72000
72000
47770
47770
47770
47770
47770
47770
47770
1596
1596
1596
1596
1596
1596
1596
1596
1596
1596
109790
109790
109790
109790
109790
109790
109790
109790
109790
109790
33959
33959
33959
33959
33959
33959
33959
1633
1633
1633
1633
1633
1633
1633
1633
1633
1633
33030
1261
1261
1261
1261
1261
1261
1261
1261
1280
1280
1280
1280
1280
1280
1280
1280
1280
1280
29388
29388
29388
29388
29388
29388
29388
29388
29388
29388
70255
70255
70255
70255
70255
70255
70255
70255
70255
1282
1282
1282
1282
1282
1282
1282
1282
1282
1283
1283
1283
1283
1283
1283
1283
1283
1283
1283
1290
1290
1290
1290
1290
1290
1290
1290
28035
28035
28035
28035
28035
28035
28035
28035
28035
28035
1328
1328
1328
1328
1328
1328
1328
1328
1328
1328
59561
59561
59561
59561
59561
59561
1745712
1871014
1871014
1871014
1871014
1871014
1871014
1871014
1871014
1871014
161879
161879
161879
161879
161879
161879
161879
161879
161879
161879
57171
57171
57171
57171
57171
57171
57171
57171
57171
57171
1686286
1686286
1686286
1686286
1686286
401472
401472
401472
43771
43771
43771
43771
43771
43771
43771
43771
43771
1852380
1871021
1852382
1871025
1871025
1871033
1871017
1871017
1871017
1871017
1871017
1723382
1723382
1723382
46125
46125
46125
46125
46125
46125
46125
46125
46125
46125
32002
32002
32002
32002
32002
32002
32002
32002
32002
217204
217204
217204
217204
217204
217204
217204
217204
217204
217204
85698
85698
85698
85698
85698
85698
85698
85698
85698
905
905
905
905
525
525
47920
47920
47920
47920
47920
47920
47920
47920
47920
758826
758826
758826
758826
758826
758826
758826
758826
758826
470
470
470
470
470
470
470
470
470
470
106648
106648
106648
106648
106648
106648
106648
106648
106648
106648
471
471
471
471
471
471
471
471
471
471
106649
106649
106649
106649
106649
106649
106649
106649
106649
106649
29430
29430
29430
29430
29430
29430
29430
29430
29430
40214
40214
40214
40214
40214
40214
40214
40214
40214
40214
40215
40215
40215
40215
40215
40215
40215
40215
40215
40215
106654
106654
106654
106654
106654
106654
106654
106654
106654
106654
40216
40216
40216
40216
40216
40216
40216
40216
40216
40216
108981
108981
108981
108981
108981
108981
108981
108981
108981
108981
465797
465797
465797
465797
465797
465797
108980
108980
108980
108980
108980
108980
108980
108980
59505
59505
59505
59505
59505
59505
59505
59505
59505
190146
190146
190146
190146
66228
66228
55565
55565
55565
55565
1659
1659
1659
1659
1659
1659
52773
52773
52773
52773
52773
1655
1655
1655
1655
1655
1655
1655
1655
1655
1655
1660
1660
1660
1660
1660
1660
1660
1660
1660
1660
544580
544580
544580
544580
544580
544580
544580
544580
544580
544580
131110
131111
131111
131111
131111
131111
103621
103621
103621
103621
103621
103621
103621
1656
1656
1656
1656
1656
1656
1656
302406
302406
302406
302406
119206
119206
119206
87541
87541
87541
128944
128944
1377
1377
1377
1377
1377
1377
1377
1377
1377
1377
648
648
648
648
648
648
648
648
648
648
644
644
644
644
644
644
644
644
644
644
70856
70856
70856
70856
70856
70856
70856
70856
70856
645
645
645
645
645
645
645
645
645
645
29489
29489
29489
29489
29489
29489
29489
29489
29489
29489
654
654
654
654
654
654
654
654
654
654
714
714
714
714
714
714
714
714
714
714
239935
239935
239935
239935
239935
239935
239935
239935
239935
239935
511
511
511
511
511
511
511
511
511
511
214856
214856
214856
214856
214856
214856
214856
214856
328813
328813
328813
328813
328813
328813
328813
328813
328813
419015
419015
419015
419015
419015
419015
419015
419015
33029
33029
33029
33029
33032
33032
33032
411577
33034
33034
33034
33034
33034
33034
938293
1288120
33036
33036
33036
33037
33037
33037
33037
33037
33037
33037
649756
649756
649756
649756
649756
649756
649756
649756
649756
169435
169435
169435
169435
169435
169435
169435
169435
169435
948
948
948
948
948
948
948
948
948
28264
28264
28264
28264
28264
28264
28264
28264
28264
28264
149017
149017
149017
149017
149017
28198
28198
28198
28198
28198
28198
28198
28198
28198
28198
98671
98671
98671
43663
43663
43663
43663
43663
43663
43663
43663
43663
162496
162496
162496
162496
162496
162496
162496
162496
162496
162496
156979
156979
156979
156979
156979
156979
156979
156979
156979
156979
37930
37930
37930
37930
37930
37930
37930
37930
37930
37930
1381
1381
1381
1381
1381
1381
1381
1381
1382
1382
1382
1382
1382
1382
1382
1382
1382
1396
1396
1396
1396
1396
1396
1396
1396
1396
1396
1402
1402
1402
1402
1402
1402
1402
1402
1402
1402
1404
1404
1404
1404
1404
1404
1404
1404
1423
1423
1423
1423
1423
1423
1423
1423
1423
1423
35841
35841
35841
35841
35841
35841
35841
35841
35841
46507
46507
46507
46507
823
823
823
823
823
823
823
823
823
823
817
817
817
817
817
817
817
817
28132
28132
28132
28132
28132
28132
28132
28132
28132
28132
818
818
818
818
818
818
818
818
818
818
827
827
827
827
827
827
821
821
821
821
821
821
821
821
821
821
38323
38323
38323
38323
38323
38323
38323
38323
1680
1680
1680
1680
1680
1680
1680
1680
1680
1681
1681
1681
1681
1681
1681
1681
1681
1681
216816
216816
216816
216816
216816
216816
216816
216816
216816
216816
158787
158787
77635
77635
35833
35833
35833
35833
35833
35833
35833
1322
1322
1322
1322
1322
1322
1322
1322
40520
40520
40520
40520
40520
40520
40520
40520
40520
40520
29518
29518
29518
29518
29518
29518
29518
29518
29518
139
139
139
139
139
139
139
51101
51101
51101
51101
51101
51101
51101
51101
51101
51101
1393
1393
1393
1393
1393
1393
1393
1393
1393
1393
479117
479117
479117
479117
479117
479117
479117
293
293
293
293
293
293
293
293
293
293
74313
74313
74313
74313
74313
74313
74313
74313
74313
41276
41276
41276
41276
41276
41276
41276
41276
41276
41276
235
235
235
235
235
235
235
235
235
235
29459
29459
29459
29459
29459
29459
29459
29459
29459
29459
82979
82979
82979
82979
292
292
292
292
292
292
292
292
292
292
28450
28450
28450
28450
28450
28450
28450
28450
28450
28450
82990
82990
82990
82990
82990
82990
82990
82990
195
195
195
195
195
195
195
195
195
195
76517
76517
76517
76517
76517
76517
76517
76517
197
197
197
197
197
197
197
197
197
197
201
201
201
201
201
201
201
201
201
1018
1018
1018
1018
1018
1018
1018
1018
1018
1018
158484
158484
158484
158484
158484
158484
158484
158484
158484
158484
813
813
813
813
83558
83558
83558
83558
626937
626937
626937
626937
626937
626937
626937
536
536
536
536
536
536
536
536
536
250
250
250
250
250
250
250
250
250
250
253
253
253
253
253
253
253
253
253
253
35703
35703
35703
35703
35703
35703
35703
35703
35703
35703
57706
57706
57706
57706
57706
57706
57706
57706
57706
67824
67824
67824
67824
67824
67824
67824
67824
67824
67824
546
546
546
546
546
546
546
546
546
546
545
545
545
545
545
545
545
545
545
545
67826
67826
67826
67826
67826
67826
67826
67826
67826
67826
67827
67827
67827
67827
67827
67827
67827
67827
67827
67827
133448
133448
133448
133448
133448
133448
133448
133448
133448
133448
1492
1492
1492
1492
1492
1492
1492
1492
1492
1492
1496
1496
1496
1496
1496
1496
1496
1496
1496
1496
1502
1502
1502
1502
1502
1502
1502
1502
99675
99675
99675
99675
1547
1547
1547
1547
1547
1547
1547
1547
1547
80866
80866
80866
80866
80866
80866
80866
80866
80866
285
285
285
285
285
285
285
285
285
285
74426
74426
74426
74426
74426
74426
74426
74426
74426
74426
33043
33043
33043
33043
33043
38284
38284
38284
38284
38284
38284
38284
38284
38284
38284
38286
38286
163202
1717
1717
1717
1717
1717
1717
1717
1717
1717
1717
134034
134034
134034
134034
134034
134034
134034
134034
134034
134034
39791
39791
39791
39791
39791
39791
39791
38289
38289
38289
38289
38289
38289
38289
38289
38289
38289
38290
38290
38290
38290
38290
38290
38290
38290
38290
38290
43768
43768
43768
38301
38301
38301
38301
38301
38301
161895
37637
37637
37637
37637
37637
37637
37637
37637
598660
598660
598660
156976
156976
156976
146827
146827
146827
146827
146827
146827
146827
146827
161899
161899
161899
43770
43770
43770
43770
43770
43770
43770
43770
43770
43770
38304
38304
38304
38304
38304
38304
38304
38304
38304
38304
1725
1725
1725
1725
1725
1725
1725
1725
1725
1725
184072
184072
184072
184072
184072
184072
184072
28141
28141
28141
28141
28141
28141
28141
28141
28141
28141
73030
73030
218538
218538
218538
218538
218538
218538
218538
218538
218538
218538
39950
39950
39950
39950
39950
39950
39950
39950
39950
29394
29394
29394
163665
163665
636
636
636
636
636
636
636
636
636
636
84112
84112
84112
84112
84112
84112
84112
84112
84112
84112
539
539
539
539
539
539
539
539
539
539
238
238
238
238
238
238
238
238
238
238
172045
172045
172045
172045
172045
172045
172045
172045
172045
172045
225324
225324
225324
225324
225324
225324
225324
225324
225324
225324
61646
61646
61646
61646
61646
61646
61646
61646
61646
61646
548
548
548
548
548
548
548
548
548
61645
61645
61645
61645
61645
61645
61645
61645
61645
61645
550
550
550
550
550
550
550
550
550
550
61647
61647
61647
61647
61647
61647
61647
61647
61647
61647
158836
158836
158836
158836
158836
158836
158836
158836
158836
158836
208224
208224
208224
208224
208224
208224
208224
208224
208224
208224
299767
299767
299767
299767
299767
299767
299767
299767
299767
299767
69218
69218
69218
69218
69218
69218
69218
69218
69218
69218
33945
33945
33945
33945
33945
33945
33945
33945
33945
33945
37734
37734
37734
37734
37734
37734
37734
37734
37734
37734
44008
44008
44008
44008
44008
44008
44008
44008
44008
44008
53345
53345
53345
53345
53345
53345
53345
53345
53345
1352
1352
1352
1352
1352
1352
1352
1352
1352
1352
1353
1353
1353
1353
1353
1353
1353
1353
1353
160453
160453
160453
160453
160453
160453
160453
160453
160453
160453
1354
1354
1354
1354
1354
1354
1354
1354
1354
71451
71451
71451
71451
71451
71451
71451
71451
71451
44007
44007
44007
44007
44007
44007
44007
44007
44007
44007
71452
71452
71452
71452
71452
71452
71452
71452
71452
71452
191577
191577
191577
191577
191577
55211
55211
55211
55211
55211
55211
55211
55211
55211
55211
225084
564
564
564
564
564
564
564
564
564
564
565
565
565
565
565
565
565
565
565
565
566
566
566
566
566
566
566
566
566
566
178214
178214
178214
178214
178214
137730
82347
82347
853
853
853
853
853
853
853
853
853
853
236753
236753
938288
271155
271155
648751
648751
263
263
263
263
263
263
263
263
263
263
851
851
851
851
851
851
851
851
851
851
116087
502393
502393
1379
1379
1379
1379
1379
1379
1379
1379
1379
1379
29391
29391
29391
29391
29391
29391
29391
29391
29391
29391
84135
84135
84135
84135
84135
84135
13076
13076
471189
471189
471189
471189
471189
471189
471189
471189
2055
2055
2055
2055
2055
2055
2055
2055
2055
2055
46124
46124
46124
46124
46124
46124
46124
46124
46124
46124
137732
137732
137732
137732
727
727
727
727
727
727
727
727
727
729
729
729
729
729
729
729
729
729
729
569
569
569
569
569
569
569
569
569
569
213
213
213
213
213
213
213
213
213
213
210
210
210
210
210
210
210
210
210
157228
157228
157228
157228
157228
157228
157228
1630
1630
206506
206506
206506
206506
206506
206506
206506
206506
206506
504
504
504
265175
51288
51288
51288
51288
51288
51288
51288
51288
51288
51288
571
571
571
571
571
571
571
571
571
571
574
574
574
574
574
574
574
574
574
574
573
573
573
573
573
573
573
573
573
573
580
580
580
580
580
580
580
580
580
580
61648
61648
61648
61648
61648
61648
61648
61648
61648
61648
37923
37923
37923
37923
37923
37923
37923
37923
37923
1579
1579
1579
1579
1579
1579
1579
1579
1579
1579
1582
1582
1582
1582
1582
1582
1582
1582
1582
1582
181675
181675
181675
181675
1584
1584
1584
1584
1584
1584
1584
1584
1584
1584
1613
1613
1613
1613
1613
1613
1613
1613
1613
88164
147802
147802
1590
1590
1590
1590
1590
1590
1590
1590
1590
47715
47715
47715
47715
47715
47715
47715
47715
47715
1363
1363
1363
1363
1363
1363
1363
1363
1363
1363
1358
1358
1358
1358
1358
1358
1358
83655
83655
83655
83655
83655
83655
83655
83655
83655
83655
450200
45068
45068
45068
45068
376727
376727
376727
144185
144185
144185
144185
144185
144185
144185
144185
144185
144185
82981
82981
82981
173
173
173
173
173
173
187101
187101
187101
187101
938289
938289
938289
938289
1245
1245
1245
1245
1245
1245
1245
1245
1245
1245
33968
33968
33968
33968
33968
33968
33968
33968
33968
33968
1639
1639
1639
1639
1639
1639
1639
1639
1639
1639
879969
879969
879969
879969
879969
879969
884684
884684
884684
884684
884684
75985
75985
75985
75985
75985
75985
75985
75985
75985
75985
907
907
907
907
907
907
907
907
907
907
393060
393060
393060
393060
393060
393060
393060
393060
393060
393060
233101
29429
29429
29429
29429
29429
29429
29429
29429
29429
29429
33885
33885
33885
33885
33885
33885
33885
33885
33885
33885
82380
82380
82380
82380
82380
82380
82380
82380
82380
199592
199592
199592
199592
199592
199592
199592
199592
199592
199592
2033
2033
2033
2033
2033
2033
2033
2033
2033
1270
1270
1270
1270
1270
1270
1270
1270
1270
1270
1273
1273
1273
1273
1273
1273
1273
1273
1273
1273
217168
217168
217168
217168
2051
2051
2051
480
480
480
480
480
480
480
480
480
480
478
478
478
478
478
478
478
478
478
34062
34062
34062
34062
34062
34062
34062
34062
34062
34062
582
582
582
582
582
582
582
582
582
582
36809
36809
36809
36809
36809
36809
36809
36809
33894
1764
1765
1765
1765
1774
1774
1774
1774
1774
1774
1774
1774
1774
1776
1776
1776
1776
1776
1776
1776
1776
1766
1778
1778
46351
1767
1767
1768
141349
141349
1780
1780
1780
1780
1781
1781
1781
1781
1781
1781
1781
1781
1795
1795
1795
1795
1795
1795
1795
1795
1795
1783
1783
1783
1783
1783
1783
1783
1784
1772
1772
1772
1772
1772
1772
1772
1772
1772
1787
1787
1787
1787
1787
1788
1788
1788
1788
1773
1773
1773
1773
1773
1773
1773
1773
1773
1773
1789
1789
1789
2115
2115
2097
2097
2098
2098
2098
28227
2122
2104
2104
55604
1183151
76832
76832
76832
76832
76832
76832
76832
76832
76832
76832
53024
620903
620903
483
483
483
483
483
483
483
483
483
484
484
484
484
484
484
484
484
484
484
485
485
485
485
485
485
485
485
485
485
487
487
487
487
487
487
487
487
487
487
488
488
488
488
488
488
488
488
488
488
33053
33053
33053
33053
33053
33053
33053
33053
33053
489
489
489
489
490
490
490
490
490
490
490
490
490
490
28449
28449
28449
28449
28449
28449
28449
28449
28449
28449
1824
1824
1824
1824
1824
1824
1824
1824
1824
1824
37329
37329
37329
37329
37329
37329
37329
37329
37329
37329
1823
1823
1823
1823
1823
1823
1823
1823
1823
1823
132249
132249
132249
132249
132249
132249
132249
132249
132249
132249
489910
1697053
1697053
1697053
1697053
1697053
1697053
1697053
94626
94626
94626
94626
94626
94626
94626
94626
94626
94626
90245
90245
90245
90245
90245
90245
90245
90245
90245
784
784
784
784
784
784
784
784
784
784
44250
44250
44250
44250
44250
44250
44250
44250
44250
44250
1451
1451
1451
1451
1451
1451
1451
1451
1451
1451
521520
521520
521520
521520
549
549
549
549
549
549
549
665913
665913
665913
665913
665913
665913
665913
665913
665913
665913
59814
59814
59814
59814
59814
59814
59814
59814
59814
59814
472695
472695
472695
472695
472695
472695
472695
472695
472695
472695
83552
83552
83552
83552
83552
83552
83552
1490
1490
1490
1490
1490
1490
1490
1490
1490
1490
487175
487175
487175
487175
487175
487175
487175
487175
487175
749
749
749
749
749
749
749
749
749
749
752
752
752
747
747
747
747
747
747
747
747
747
747
390241
390241
390241
390241
390241
1254
1254
1254
1254
1254
1254
1254
1254
1254
1254
1255
1255
1255
1255
1255
1255
1255
1255
2741
1258
1258
1258
1258
1258
1258
755172
755172
411567
411567
411567
411567
411567
411567
411567
54005
54005
54005
54005
54005
54005
33033
33033
33033
33033
33033
33033
33033
33033
33033
38293
38293
38293
38293
38293
38293
38293
38293
38293
38293
501496
501496
501496
501496
501496
29524
29524
322095
322095
322095
281920
281920
281920
281920
242750
242750
242750
242750
28125
28125
28125
28125
28125
28125
28125
28125
28125
28127
28127
28127
28127
28127
28127
28127
28127
28127
28127
28128
28128
28128
28128
28128
28128
28128
28130
28130
28130
28130
28130
28130
28130
28130
28130
839
839
839
839
839
839
839
839
839
386414
386414
386414
386414
386414
386414
33010
33010
33010
33010
33010
33010
33010
33010
33010
33010
1750
1750
1750
348582
33012
33012
33012
33012
33012
33012
33012
33012
433321
584
584
584
584
584
584
584
584
584
584
102862
102862
102862
102862
102862
102862
102862
102862
102862
102862
585
585
585
585
585
585
585
585
126385
126385
126385
126385
126385
126385
126385
126385
126385
587
587
587
587
587
587
587
587
587
587
588
588
588
588
588
588
588
588
588
588
272241
272241
272241
272241
287
287
287
287
287
287
287
287
287
287
43263
43263
43263
43263
43263
43263
43263
43263
43263
43306
43306
43306
43306
43306
43306
43306
43306
43306
43306
294
294
294
294
294
294
294
294
47886
47886
47886
47886
47886
47886
47886
47886
47886
47886
300
300
300
300
300
300
300
300
300
300
76759
76759
76759
76759
76759
76759
76759
76759
76759
76759
78327
78327
78327
78327
78327
78327
78327
78327
78327
78327
47885
47885
47885
47885
47885
47885
47885
47885
47885
47885
200451
200451
200451
200451
200451
200451
200451
200451
200451
200451
303
303
303
303
303
303
303
303
303
303
117680
117680
117680
117680
117680
117680
117680
117680
117680
117680
316
316
316
316
316
316
316
316
316
316
200450
200450
200450
200450
200450
200450
200450
200450
200450
113287
113287
113287
113287
113287
113287
113287
29432
29432
29432
29432
29432
29432
34038
34038
34038
34038
34038
34038
34038
34038
34038
34038
329
329
329
329
329
329
329
329
329
329
54291
54291
54291
54291
54291
54291
54291
54291
54291
54291
575
575
575
575
575
575
575
575
575
577
577
577
577
577
577
577
577
577
577
362
362
362
362
362
362
362
362
362
362
418647
418647
35790
35790
35790
35790
35790
35790
35790
35790
35790
35790
360807
360807
360807
2047
2047
2047
2047
2047
2047
2047
2047
2047
2047
43675
43675
43675
43675
43675
43675
43675
43675
43675
43675
40518
40518
40518
40518
40518
40518
40518
40518
1265
1265
1265
1265
1265
1265
1265
1265
1265
1265
89365
28901
28901
28901
28901
28901
28901
28901
28901
28901
28901
108619
108619
108619
108619
54388
54388
54388
54388
54388
54388
54388
90370
90370
90370
90370
90370
90370
90370
90370
90370
90371
90371
90371
90371
90371
90371
90371
90371
90371
90371
47917
47917
47917
47917
47917
47917
47917
47917
47917
47917
614
614
614
614
614
614
614
614
614
614
615
615
615
615
615
615
615
615
615
137545
137545
137545
137545
137545
137545
137545
137545
137545
137545
61652
61652
61652
61652
61652
61652
61652
61652
61652
618
618
618
618
618
618
618
618
618
618
24
24
24
24
24
24
24
24
24
24
622
622
622
622
622
622
622
622
622
622
623
623
623
623
623
623
623
623
623
623
624
624
624
624
624
624
624
624
624
624
80882
80882
80882
80882
84109
84109
84109
84109
84109
84109
84109
84109
84109
84109
40543
40543
40543
40543
1387165
1387165
1387165
13689
13689
13689
13689
13689
13689
2078
2078
2078
2078
2078
2078
2078
2078
2078
2078
29380
29380
29380
29380
29380
29380
29380
29380
29380
46126
46126
46126
46126
46126
46126
46126
46126
46126
29382
29382
29382
29382
29382
29382
29382
29382
29382
29382
319942
319942
319942
1284
1284
1284
1284
1284
1284
1284
1284
1284
1284
1276936
1276936
1276936
1276936
1276936
1276936
1276936
1276936
1276936
1276936
42858
42858
42858
42858
42858
42858
42858
42858
42858
42858
214473
214473
214473
214473
214473
214473
214473
214473
214473
45972
45972
45972
45972
45972
45972
45972
45972
45972
45972
29385
29385
29385
29385
29385
29385
29385
29385
29385
29385
1295
1295
1295
1295
1295
1296
1296
1296
1296
1296
1296
1296
1296
1296
1296
1286
1286
1286
1286
1286
1286
1286
1286
1286
1286
71237
71237
71237
71237
71237
71237
71237
71237
71237
1292
1292
1292
1292
1292
1292
1292
1292
1292
1292
1288
1288
1288
1288
1288
1288
1288
1288
1288
1288
40324
40324
40324
40324
40324
40324
40324
40324
40324
40324
1326
1326
1326
1326
1326
1326
1326
1326
1326
1326
1311
1311
1311
1311
1311
1311
1311
1311
1311
1311
1335
1335
1335
1335
1335
1335
1335
1335
1335
1335
1329
1329
1329
1329
1329
1329
1329
1329
1329
1329
76860
76860
76860
76860
76860
76860
45634
45634
45634
45634
45634
45634
45634
45634
45634
45634
1334
1334
1334
1334
1334
1334
1334
1334
1334
1334
315405
315405
315405
315405
315405
315405
315405
1302
1302
1302
1302
1302
1302
1302
1302
1302
1338
1338
1338
1338
1338
1338
1338
1338
1338
28037
28037
28037
28037
28037
28037
28037
28037
28037
28037
1309
1309
1309
1309
1309
1309
1309
1309
1309
1309
1303
1303
1303
1303
1303
1303
1303
1303
1303
1303
1318
1318
1318
1318
1318
1318
1318
1318
1318
1318
197614
197614
197614
197614
197614
197614
197614
197614
1340
1340
1340
1340
1340
1340
1340
1340
1313
1313
1313
1313
1313
1313
1313
257758
257758
257758
257758
257758
257758
257758
257758
257758
257758
361101
361101
361101
361101
361101
361101
1314
1314
1314
1314
1314
1314
1314
1314
1314
1304
1304
1304
1304
1304
1304
1304
1304
1304
1305
1305
1305
1305
1305
1305
1305
1305
1305
1305
1308
1308
1308
1308
1308
1308
1308
1308
1308
1308
1349
1349
1349
1349
1349
1349
1349
1349
1349
1349
149016
149016
149016
149016
149016
149016
149016
149016
149016
1343
1343
1343
1343
1343
1343
1343
1343
1343
1343
1887
1887
1887
1887
1887
1887
1887
1887
1887
1887
234908
234908
1262583
43948
154288
154288
154288
154288
154288
154288
154288
154288
134821
134821
2130
184870
184870
184870
184870
184870
184870
184870
184870
184870
184870
187328
187328
187328
187328
29466
29466
29466
29466
29466
29466
29466
29466
29466
29466
666
666
666
666
666
666
666
666
666
666
672
672
672
672
672
672
672
672
672
343874
343874
343874
343874
343874
343874
343874
343874
343874
343874
1461577
1461577
1461577
1461577
844
844
844
56448
56448
56448
56448
56448
56448
56448
56448
56448
56448
630
630
630
630
630
630
630
630
630
630
631
631
631
631
631
631
631
631
631
28152
28152
28152
28152
28152
28152
28152
28152
28152
633
633
633
633
633
633
633
633
633
633
187327
187327
187327
187327
187327
187327
187327
187327
187327
472
472
472
472
472
472
472
472
472
472
29317
29317
29317
29317
29317
29317
29317
29317
29317
28117
28117
28117
28117
28117
28117
28117
28117
1872444
1872444
1872444
1872444
1872444
1872444
1872444
1872444
1872444
1720199
1872515
1872515
1872515
1872515
1872515
1872515
1872515
1872515
1872515
1872515
156456
156456
156456
156456
156456
72409
72409
264697
264697
264697
264697
264697
264697
264697
264697
264697
264697
38875
38875
38875
38875
38875
38875
38875
38875
38875
38875
1478
1478
1478
1478
1478
1478
1478
1478
1478
1478
1409
1409
1409
1409
1409
1409
1409
1409
1409
1409
47678
47678
47678
47678
47678
47678
47678
47678
47678
47678
357276
357276
357276
357276
357276
357276
357276
357276
357276
357276
384639
329854
329854
329854
329854
329854
329854
329854
28116
28116
28116
28116
28116
28116
28116
28116
28116
28116
29523
29523
29523
29523
29523
29523
29523
29523
29523
29523
820
820
820
820
820
820
820
820
820
820
89014
89014
1955243
1955243
1955243
1955243
1955243
1955243
1955243
1955243
1955243
1955243
45462
45462
45462
45462
45462
45462
45462
45462
170994
170994
170994
461392
337315
337315
938278
938278
938278
938278
1896336
1896336
1896336
1896336
1896336
1896336
1896336
1896336
1896336
1896336
1506
1506
1506
1506
1506
1506
1506
1506
1506
1506
116085
116085
1288393
1288393
1288393
1288393
1288393
1720
1720
1720
1720
1720
1720
1720
1720
1720
1720
161902
161902
161902
62629
62629
82633
82633
82633
82633
82633
82633
82633
82633
82633
82633
1873897
1873897
1873897
1873897
1873897
1873897
1873897
1873897
1873897
1873897
1886637
1886637
1886637
1886637
1886637
1886637
1886637
1886637
1886637
