202789
33007
1445614
1376
54007
82135
1685
1689
43765
169292
53374
156978
2804918
1747
36740
309120
1351
562
1260
2702
29419
72000
47770
1596
109790
33959
1633
33030
1261
1280
29388
70255
1282
1283
1290
28035
1328
59561
1689268
1870995
1745712
1871014
161879
57171
1686286
401472
43771
1852380
1871021
1852382
1871025
1871033
1871017
1723382
1852372
46125
32002
217204
85698
905
525
47920
758826
470
106648
471
106649
29430
40214
40215
106654
40216
108981
465797
108980
59505
190146
66228
55565
1659
52773
1655
1660
544580
131110
131111
103621
1656
302406
119206
87541
128944
1377
648
644
70856
645
29489
654
714
239935
511
214856
328813
419015
33029
33032
411577
1287640
33034
938293
1288120
33036
33037
1120994
649756
169435
948
28264
149017
28198
98671
43663
162496
156979
37930
1381
1382
1396
1402
1404
1423
35841
46507
823
817
28132
818
827
821
38323
1680
1681
216816
158787
77635
35833
1322
40520
29518
139
51101
1393
479117
293
74313
41276
235
29459
82979
292
28450
82990
195
76517
197
201
1018
158484
813
83558
626937
536
250
253
35703
57706
67824
546
66695
545
67826
67827
133448
1492
1496
1502
99675
1547
80866
285
74426
33043
38284
38286
163202
1717
134034
38288
39791
38289
38290
43768
38301
161895
37637
38303
598660
156976
146827
161899
43770
38304
302449
1725
184072
28141
73030
44742
218538
39950
29394
163665
636
84112
539
238
172045
225324
61646
548
61645
550
61647
158836
208224
299767
69218
33945
37734
44008
53345
1352
1353
160453
1354
71451
44007
71452
191577
55211
225084
279970
564
565
566
178214
137730
82347
853
236753
938288
271155
648751
263
851
116087
502393
1379
29391
84135
13076
471189
2055
46124
137732
727
729
569
1441821
213
210
404403
167642
157228
1630
206506
504
265175
51288
571
574
573
580
61648
37923
1579
1582
181675
1584
1613
88164
147802
1590
47715
1363
1358
83655
450200
45068
376727
144185
82981
173
187101
938289
1245
33968
1639
879969
884684
75985
907
393060
233101
29429
359408
33885
82380
199592
2033
1270
1273
217168
2051
480
478
34062
582
36809
33894
1764
1765
1774
1776
1766
1778
46351
1767
1768
141349
1769
1780
1781
1795
1783
1784
1772
1787
1788
1773
1789
2115
2097
2098
28227
2122
2104
55604
1183151
76832
53024
620903
483
484
485
487
488
33053
489
490
28449
1824
37329
1823
132249
489910
1697053
94626
90244
90245
784
44250
1451
521520
549
665913
59814
472695
83552
1490
487175
749
752
747
390241
1254
1255
2741
1258
755172
411567
54005
33033
38293
501496
29524
322095
281920
242750
28125
28127
28128
28130
839
386414
33010
1750
348582
33012
433321
84631
584
102862
585
126385
587
588
272241
287
43263
43306
294
47886
300
76759
78327
47885
200451
303
117680
316
200450
113287
29432
34038
329
54291
575
577
362
418647
35790
360807
2047
43675
40518
1265
89365
28901
108619
54388
90370
90371
47917
614
615
137545
61652
618
24
622
623
624
80882
84109
40543
1387165
13689
2078
29380
46126
29382
319942
1284
1276936
42858
214473
45972
29385
1295
1296
1286
71237
1292
1288
40324
1326
1311
1335
1329
76860
45634
1334
315405
1302
1338
33040
28037
1309
1303
1318
197614
1340
1313
257758
361101
1314
1304
1305
1308
1349
149016
1343
78535
1887
234908
1262583
1281767
43948
160
154288
134821
2130
184870
187328
29466
666
672
71667
343874
1461577
844
56448
630
631
28152
633
187327
472
29317
28117
1872444
1720199
1872515
156456
1872518
72409
1872650
264697
38875
1478
1409
47678
357276
384639
329854
28116
29523
820
89014
1955243
45462
170994
461392
337315
938278
1896336
1506
116085
1288393
1720
161902
62629
82633
1873897
1886637
